029兴平市王晓光	2	2	1	2	3	13	1280	9	20	2	1	3	2	0	7	-1	26	124	9	0	1	22	1	0	0	218	364	5679	1	0	0	0	0	0	0	0	0	0	0	0	0	0	0	1	1	0	3	5	2	0	3	5	2	0	3	5	2	0	3	5	2	0	3	5	2	1	1	1	1	1	16	16	0	0	0	0	0	16	16	0	0	0	0	0	125	323	15	15	0	3	3	0	0	0	0	0	0	0	0	0	0	0	0	0	366	366	0	0	0	0	0	0	0	0	0
029兴平市曾浩	2	2	4	2	3	6	1646	9	20	2	0	5	2	0	7	-1	59	550	39	2	14	78	17	12	1	782	365	16588	4	1	0	0	0	0	0	0	0	0	0	0	0	0	0	16	16	0	0	0	0	0	0	0	0	0	0	0	0	0	0	0	0	0	0	0	0	1	1	1	1	1	1	1	2	2	2	2	2	16	16	0	0	0	0	0	3	365	18	18	0	7	7	0	3	3	0	2	2	0	1	1	0	1	1	0	366	366	0	0	0	0	0	0	0	0	0
029兴平市彭佳艳	2	1	4	1	3	7	1280	9	20	2	0	0	2	0	7	-1	18	187	8	1	6	13	3	2	0	157	358	6266	0	0	0	0	0	0	0	0	0	0	0	0	0	0	0	16	16	0	0	0	0	0	0	0	0	0	0	0	0	0	0	0	0	0	0	0	0	1	1	1	1	1	1	1	1	1	1	1	1	16	16	0	0	0	0	0	29	300	11	11	0	1	1	0	1	1	0	1	1	0	0	0	0	0	0	0	366	366	0	0	0	0	0	0	0	0	0
029临潼区石炎	0	2	4	2	3	8	1615	9	20	2	4	3	2	0	7	-1	32	1291	49	0	26	35	6	4	0	1663	363	3582	0	0	0	0	0	0	0	0	0	0	0	0	0	0	0	1	15	0	20	21	0	0	18	19	0	0	18	19	0	0	2	2	0	0	2	2	0	10	8	8	1	1	3	3	1	1	1	0	0	3	3	1	1	1	0	0	13	89	5	5	0	5	5	0	5	5	0	1	1	0	1	1	0	0	0	0	366	366	0	0	0	0	0	0	0	0	0
028青神县马小清	2	2	4	2	2	7	1219	20	20	2	0	4	2	0	7	-1	15	606	13	2	13	21	6	4	0	659	347	11222	7	1	0	0	0	0	0	0	0	0	0	0	0	0	0	16	16	0	0	0	0	0	0	0	0	0	0	0	0	0	0	0	0	0	0	0	0	0	0	0	0	0	1	1	1	1	1	1	1	16	16	0	0	0	0	0	9	293	17	17	0	14	14	0	3	3	0	3	3	0	3	3	0	0	0	0	366	366	0	0	0	0	0	0	0	0	0
028邛崃市李伟	2	2	4	2	5	7	1646	9	20	2	0	0	2	0	7	-1	17	228	12	0	3	19	4	4	0	411	365	8067	1	0	0	0	0	0	0	0	0	0	0	0	0	0	0	1	1	0	23	26	2	0	23	26	2	0	23	26	2	0	23	26	2	0	23	26	2	16	16	16	16	16	1	1	8	8	8	8	8	1	1	2	2	2	2	2	366	366	0	0	0	0	0	0	0	0	0	0	0	0	0	0	0	0	0	0	366	366	0	0	0	0	0	0	0	0	1
028洪雅县袁丽	2	1	4	2	5	7	1340	9	20	2	0	0	2	0	7	-1	110	689	15	7	101	186	26	23	4	1110	364	18384	16	6	0	7	3	0	0	0	0	0	0	0	0	0	0	16	16	0	0	0	0	0	0	0	0	0	0	0	0	0	0	0	0	0	0	0	0	1	1	1	1	1	16	16	0	0	0	0	0	16	16	0	0	0	0	0	366	366	0	0	0	0	0	0	0	0	0	0	0	0	0	0	0	0	0	0	366	366	0	0	0	0	0	0	0	0	0
028崇州市蒋玉	2	1	4	2	3	7	1705	12	20	2	0	4	2	0	7	-1	52	2026	42	3	43	61	24	18	1	4783	360	17694	4	2	0	1	1	1	0	0	0	0	0	0	0	0	0	16	16	0	0	0	0	0	0	0	0	0	0	0	0	0	0	0	0	0	0	0	0	0	0	0	0	0	1	1	2	2	2	2	2	16	16	0	0	0	0	0	128	128	6	6	0	6	6	0	0	0	0	0	0	0	0	0	0	0	0	0	366	366	0	0	0	0	0	0	0	0	0
028双流县李孝文	0	1	1	2	3	7	1432	9	20	2	0	3	2	0	7	-1	36	1073	31	1	47	36	14	12	1	2256	362	20659	1	0	0	1	0	0	1	0	0	1	0	0	0	0	0	16	16	0	0	0	0	0	0	0	0	0	0	0	0	0	0	0	0	0	0	0	0	0	0	0	0	0	1	1	1	1	1	1	1	16	16	0	0	0	0	0	11	117	3	3	0	3	3	0	1	1	0	1	1	0	1	1	0	0	0	0	366	366	0	0	0	0	0	0	0	0	0
028仁寿县王平	2	2	1	2	2	6	1035	9	12	2	0	0	2	0	1	0	183	679	33	3	23	336	72	39	1	769	364	277992	13	5	0	5	0	0	4	0	0	0	0	0	0	0	0	16	16	0	0	0	0	0	0	0	0	0	0	0	0	0	0	0	0	0	0	0	0	1	1	1	1	1	16	16	0	0	0	0	0	16	16	0	0	0	0	0	40	365	313	313	0	107	107	0	59	59	0	0	0	0	0	0	0	0	0	0	189	284	2	0	0	0	0	0	0	0	0
026TF	2	2	4	2	3	6	1432	9	20	2	0	5	2	0	7	-1	58	2022	195	2	7	65	19	11	1	3279	364	9735	2	2	1	2	1	0	1	1	1	1	1	1	0	0	0	16	16	0	0	0	0	0	0	0	0	0	0	0	0	0	0	0	0	0	0	0	0	0	0	0	0	0	1	1	3	3	3	3	3	16	16	0	0	0	0	0	14	332	111	111	0	74	74	0	36	36	0	3	3	0	1	1	0	0	0	0	63	63	1	1	1	0	0	0	0	0	0
0267liujia	2	2	1	2	3	7	2985	9	20	2	0	3	2	0	7	0	23	184	13	1	4	23	5	2	0	288	332	8425	1	1	1	0	0	0	0	0	0	0	0	0	0	0	0	2	2	0	3	3	0	0	3	3	0	0	3	3	0	0	3	3	0	0	0	0	0	18	18	18	18	8	1	2	5	5	5	5	4	16	16	0	0	0	0	0	132	258	8	8	0	4	4	0	0	0	0	0	0	0	0	0	0	0	0	0	366	366	0	0	0	0	0	0	0	0	0
025高淳区袁燕萍	0	1	4	2	3	6	1432	9	9	2	0	5	2	0	7	-1	21	329	11	1	10	16	7	3	0	434	360	3072	5	1	0	0	0	0	0	0	0	0	0	0	0	0	0	16	16	0	0	0	0	0	0	0	0	0	0	0	0	0	0	0	0	0	0	0	0	3	3	3	3	3	16	16	0	0	0	0	0	16	16	0	0	0	0	0	366	366	0	0	0	0	0	0	0	0	0	0	0	0	0	0	0	0	0	0	366	366	0	0	0	0	0	0	0	0	0
025高淳区甘继超	2	2	6	1	3	6	1249	9	20	2	0	1	2	0	7	-1	92	534	28	0	12	107	18	7	0	1033	365	36517	2	0	0	0	0	0	0	0	0	0	0	0	0	0	0	3	3	0	2	2	0	0	2	2	0	0	2	2	0	0	0	0	0	0	0	0	0	3	3	2	1	1	16	16	0	0	0	0	0	16	16	0	0	0	0	0	255	267	49	49	0	0	0	0	0	0	0	0	0	0	0	0	0	0	0	0	119	119	1	1	0	0	0	0	0	0	0
025高淳区孔洋洋	2	2	1	2	3	6	1554	9	12	2	0	0	2	0	7	-1	221	9411	272	18	110	422	111	69	12	12983	365	90796	122	15	0	61	7	0	13	2	0	5	0	0	0	0	0	8	8	0	10	10	0	0	0	0	0	0	0	0	0	0	0	0	0	0	0	0	0	10	4	1	1	0	1	1	1	1	1	1	1	16	16	0	0	0	0	0	1	284	129	128	1	127	126	1	105	105	0	28	28	0	14	14	0	8	8	0	158	158	1	1	0	0	0	0	0	0	0
025zhulei	0	2	4	1	3	7	3350	9	20	2	0	3	2	0	7	0	36	1117	68	2	9	48	27	17	2	1443	363	16802	27	2	0	26	2	0	2	0	0	1	0	0	0	0	0	16	16	0	0	0	0	0	0	0	0	0	0	0	0	0	0	0	0	0	0	0	0	0	0	0	0	0	1	2	3	3	3	3	1	16	16	0	0	0	0	0	3	360	56	56	0	45	45	0	44	44	0	18	18	0	4	4	0	4	4	0	255	334	2	0	0	0	0	0	0	0	0
25270	0	1	1	2	5	2	2741	9	9	2	0	5	2	0	3	-1	16	1051	117	0	1	15	7	4	0	252	365	6107	21	0	0	6	0	0	2	0	0	1	0	0	0	0	0	1	9	1	8	17	5	1	5	14	5	1	5	14	5	1	5	14	5	1	5	14	5	20	19	19	19	19	1	9	6	4	4	4	4	1	1	1	1	1	1	1	7	351	18	18	0	6	6	0	6	6	0	3	3	0	3	3	0	2	2	0	366	366	0	0	0	0	0	0	0	0	0
024法库县王国喜	2	2	5	2	5	6	1340	9	9	2	0	0	2	0	1	-1	290	2706	100	4	40	526	77	44	1	2051	365	77285	34	3	0	12	0	0	4	0	0	1	0	0	0	0	0	16	16	0	0	0	0	0	0	0	0	0	0	0	0	0	0	0	0	0	0	0	0	1	1	1	1	1	16	16	0	0	0	0	0	16	16	0	0	0	0	0	14	323	91	91	0	86	86	0	85	85	0	28	28	0	4	4	0	0	0	0	88	253	5	2	1	0	0	0	0	0	0
024方琦	4	2	4	1	5	7	1524	9	18	2	0	3	2	0	0	-1	8	621	40	1	1	7	4	4	0	2538	362	2013	1	0	0	0	0	0	0	0	0	0	0	0	0	0	0	1	2	0	144	155	7	0	144	155	7	0	144	155	7	0	144	155	7	0	96	104	5	48	48	48	48	22	1	2	22	22	22	22	16	16	16	0	0	0	0	0	366	366	0	0	0	0	0	0	0	0	0	0	0	0	0	0	0	0	0	0	366	366	0	0	0	0	0	0	0	0	0
024开原市张也	2	1	4	2	3	7	1554	9	20	2	0	0	2	0	5	-1	6	389	26	1	4	10	5	4	0	411	365	7986	2	0	0	1	0	0	1	0	0	1	0	0	0	0	0	5	8	0	67	70	3	0	65	68	3	0	0	0	0	0	0	0	0	0	0	0	0	31	29	1	1	1	5	8	12	11	0	0	0	5	5	1	1	0	0	0	366	366	0	0	0	0	0	0	0	0	0	0	0	0	0	0	0	0	0	0	366	366	0	0	0	0	0	0	0	0	0
024康平县王鹏	0	2	1	2	3	15	1524	20	20	2	4	3	2	0	7	0	28	223	5	0	8	28	3	1	0	800	357	12320	0	0	0	0	0	0	0	0	0	0	0	0	0	0	0	16	16	0	0	0	0	0	0	0	0	0	0	0	0	0	0	0	0	0	0	0	0	0	0	0	0	0	1	1	2	2	2	2	2	16	16	0	0	0	0	0	42	87	6	6	0	6	6	0	6	6	0	0	0	0	0	0	0	0	0	0	366	366	0	0	0	0	0	0	0	0	0
2417129	2	2	1	2	3	6	2649	20	20	2	0	5	2	0	7	0	42	435	37	4	11	41	16	8	0	721	365	24245	0	0	0	0	0	0	0	0	0	0	0	0	0	0	0	16	16	0	0	0	0	0	0	0	0	0	0	0	0	0	0	0	0	0	0	0	0	0	0	0	0	0	1	1	1	1	1	1	1	16	16	0	0	0	0	0	55	131	7	7	0	7	7	0	6	6	0	0	0	0	0	0	0	0	0	0	366	366	0	0	0	0	0	0	0	0	0
023长寿区黎俊杰	2	2	4	2	3	6	1493	9	12	2	0	0	2	0	1	0	215	3813	171	26	101	497	133	95	13	7081	364	243638	17	11	0	6	6	1	6	6	1	0	0	0	0	0	0	1	2	0	8	8	0	0	8	8	0	0	8	8	0	0	8	8	0	0	3	3	0	4	4	4	4	1	2	2	2	2	2	2	0	16	16	0	0	0	0	0	13	356	181	181	0	6	6	0	4	4	0	1	1	0	1	1	0	0	0	0	366	366	0	0	0	0	0	0	0	0	0
023涪陵区何前良	5	0	2	0	4	1	1432	7	6	2	2	3	3	4	1	-1	0	106	7	0	0	0	0	0	0	106	298	377	0	0	0	0	0	0	0	0	0	0	0	0	0	0	0	16	16	0	0	0	0	0	0	0	0	0	0	0	0	0	0	0	0	0	0	0	0	0	0	0	0	0	1	1	3	3	3	3	3	16	16	0	0	0	0	0	366	366	0	0	0	0	0	0	0	0	0	0	0	0	0	0	0	0	0	0	366	366	0	0	0	0	0	0	0	0	0
023江津区李涪民	0	1	1	1	3	13	1462	9	20	2	1	3	2	0	7	-1	16	596	15	0	33	14	2	0	0	918	365	9937	3	0	0	2	0	0	2	0	0	1	0	0	0	0	0	2	5	1	78	99	14	1	78	99	14	0	11	13	0	0	11	13	0	0	0	0	0	33	33	4	4	1	5	5	6	6	0	0	0	2	5	8	8	3	3	0	76	295	7	7	0	3	3	0	3	3	0	0	0	0	0	0	0	0	0	0	366	366	0	0	0	0	0	0	0	0	0
023开县赵文君	2	2	4	2	3	7	1066	9	12	2	0	3	2	0	7	0	168	849	31	44	66	422	97	76	45	1195	365	86623	4	4	1	4	4	1	0	0	0	0	0	0	0	0	0	1	1	0	8	8	0	0	8	8	0	0	8	8	0	0	8	8	0	0	8	8	0	2	2	2	2	2	16	16	0	0	0	0	0	16	16	0	0	0	0	0	27	355	279	279	0	92	92	0	92	92	0	16	16	0	0	0	0	0	0	0	366	366	0	0	0	0	0	0	0	0	0
023城口县徐庆峰	2	2	1	2	3	7	1340	9	12	2	0	3	2	0	7	-1	49	745	33	1	7	55	12	11	1	1692	364	38752	0	0	0	0	0	0	0	0	0	0	0	0	0	0	0	16	16	0	0	0	0	0	0	0	0	0	0	0	0	0	0	0	0	0	0	0	0	0	0	0	0	0	1	1	1	1	1	1	1	16	16	0	0	0	0	0	175	175	2	2	0	2	2	0	0	0	0	0	0	0	0	0	0	0	0	0	366	366	0	0	0	0	0	0	0	0	0
023南川区王会	2	2	4	2	3	7	1432	9	20	2	0	1	2	0	7	0	121	603	61	9	22	287	73	29	4	1171	364	150	13	7	0	6	4	0	5	4	0	2	2	1	0	0	0	16	16	0	0	0	0	0	0	0	0	0	0	0	0	0	0	0	0	0	0	0	0	1	1	1	1	1	1	1	1	1	1	1	1	16	16	0	0	0	0	0	29	349	31	30	1	17	17	0	17	17	0	3	3	0	0	0	0	0	0	0	366	366	0	0	0	0	0	0	0	0	0
023万州区周先进	2	2	5	2	3	6	1340	20	20	2	0	1	2	0	7	0	58	531	57	4	36	65	12	6	2	1692	364	17845	1	2	2	0	1	0	0	0	0	0	0	0	0	0	0	1	14	0	93	106	1	0	77	86	0	0	8	9	0	0	8	9	0	0	8	9	0	19	14	2	2	2	1	6	22	22	7	7	7	1	8	9	7	2	2	2	11	360	87	87	0	23	23	0	13	13	0	1	1	0	1	1	0	0	0	0	197	197	1	0	0	0	0	0	0	0	0
023lijing	2	2	5	1	3	7	2557	12	20	2	0	4	2	0	7	0	40	1423	34	3	8	45	9	4	0	2089	363	9664	4	1	0	2	0	0	0	0	0	0	0	0	0	0	0	16	16	0	0	0	0	0	0	0	0	0	0	0	0	0	0	0	0	0	0	0	0	1	1	1	1	1	16	16	0	0	0	0	0	16	16	0	0	0	0	0	15	361	41	41	0	21	21	0	5	5	0	4	4	0	4	4	0	0	0	0	366	366	0	0	0	0	0	0	0	0	0
0226淘我所爱	4	1	6	2	5	7	1827	12	14	2	0	3	2	0	0	-1	5	99	3	1	8	6	2	1	1	164	361	819	0	0	0	0	0	0	0	0	0	0	0	0	0	0	0	16	16	0	0	0	0	0	0	0	0	0	0	0	0	0	0	0	0	0	0	0	0	0	0	0	0	0	1	1	3	3	3	3	3	16	16	0	0	0	0	0	366	366	0	0	0	0	0	0	0	0	0	0	0	0	0	0	0	0	0	0	366	366	0	0	0	0	0	0	0	0	0
021崇明施燕华	2	2	4	2	3	6	1462	9	20	2	0	1	2	0	7	-1	58	415	21	0	20	80	14	7	0	559	365	35523	2	0	0	0	0	0	0	0	0	0	0	0	0	0	0	16	16	0	0	0	0	0	0	0	0	0	0	0	0	0	0	0	0	0	0	0	0	0	0	0	0	0	1	1	3	3	3	3	3	16	16	0	0	0	0	0	14	348	47	47	0	10	10	0	9	9	0	9	9	0	9	9	0	0	0	0	366	366	0	0	0	0	0	0	0	0	0
02157618622SWZ	0	1	1	1	3	7	2588	20	9	2	0	3	2	0	0	-1	10	144	8	1	6	6	1	1	0	271	346	1343	1	0	0	0	0	0	0	0	0	0	0	0	0	0	0	1	1	0	18	22	1	0	18	22	1	0	18	22	1	0	18	22	1	0	18	22	1	9	9	9	9	9	1	1	2	2	2	2	2	1	1	1	1	1	1	1	366	366	0	0	0	0	0	0	0	0	0	0	0	0	0	0	0	0	0	0	366	366	0	0	0	0	0	0	0	0	0
020增城区钟景春	2	2	3	2	3	2	1340	9	12	2	0	0	2	0	7	-1	193	1517	56	2	157	391	75	53	1	2714	365	32521	11	0	0	7	0	0	4	0	0	2	0	0	0	0	0	1	1	0	3	5	0	0	3	5	0	0	3	5	0	0	3	5	0	0	3	5	0	1	1	1	1	1	16	16	0	0	0	0	0	1	1	3	3	3	3	3	94	341	119	119	0	37	37	0	0	0	0	0	0	0	0	0	0	0	0	0	366	366	0	0	0	0	0	0	0	0	0
0208tlh	0	1	4	1	3	8	3107	9	18	2	4	4	2	0	7	-1	19	189	12	0	4	18	4	3	0	200	363	3698	2	0	0	2	0	0	2	0	0	2	0	0	0	0	0	16	16	0	0	0	0	0	0	0	0	0	0	0	0	0	0	0	0	0	0	0	0	0	0	0	0	0	1	1	1	1	1	1	1	16	16	0	0	0	0	0	55	287	8	8	0	4	4	0	4	4	0	0	0	0	0	0	0	0	0	0	366	366	0	0	0	0	0	0	0	0	0
0208huanghui	1	2	6	1	3	6	1646	9	20	2	0	0	2	0	7	0	47	578	18	1	14	50	14	8	0	722	360	13467	0	1	0	0	0	0	0	0	0	0	0	0	0	0	0	1	10	1	11	28	2	0	11	26	2	0	11	25	2	0	11	25	2	0	11	25	2	41	39	37	37	37	1	10	11	9	9	9	9	1	1	5	5	5	5	5	14	345	47	40	0	37	31	0	7	4	0	2	2	0	2	2	0	0	0	0	366	366	0	0	0	0	0	0	0	0	0
02051314smile	1	1	4	2	5	7	2496	9	20	2	0	1	2	0	7	-1	40	2072	107	5	57	48	16	14	3	3462	363	6108	27	6	0	12	4	0	1	0	0	0	0	0	0	0	0	16	16	0	0	0	0	0	0	0	0	0	0	0	0	0	0	0	0	0	0	0	0	1	1	1	1	1	16	16	0	0	0	0	0	16	16	0	0	0	0	0	3	364	64	64	0	33	33	0	32	32	0	6	6	0	6	6	0	3	3	0	35	35	1	1	1	0	0	0	0	0	0
2034478	2	1	4	2	3	6	3135	9	20	2	0	3	2	0	7	-1	50	320	17	1	13	50	15	13	0	564	365	10346	4	0	0	3	0	0	2	0	0	2	0	0	0	0	0	1	1	0	12	13	1	0	12	13	1	0	12	13	1	0	12	13	1	0	12	13	1	2	2	2	2	2	1	1	2	2	2	2	2	16	16	0	0	0	0	0	117	117	6	6	0	6	6	0	0	0	0	0	0	0	0	0	0	0	0	0	366	366	0	0	0	0	0	0	0	0	0
0202lyx	4	2	1	2	3	8	1646	20	20	2	4	1	2	3	7	-1	17	37	12	0	0	14	5	3	0	0	362	3205	0	0	0	0	0	0	0	0	0	0	0	0	0	0	0	16	16	0	0	0	0	0	0	0	0	0	0	0	0	0	0	0	0	0	0	0	0	1	1	1	1	1	16	16	0	0	0	0	0	16	16	0	0	0	0	0	55	349	6	6	0	5	5	0	5	5	0	0	0	0	0	0	0	0	0	0	366	366	0	0	0	0	0	0	0	0	0
01小妮	4	1	4	0	4	1	1280	8	7	2	2	0	3	0	1	-1	0	385	8	0	12	0	0	0	0	690	309	549	7	0	0	7	0	0	7	0	0	1	0	0	0	0	0	16	16	0	0	0	0	0	0	0	0	0	0	0	0	0	0	0	0	0	0	0	0	1	1	1	1	1	16	16	0	0	0	0	0	16	16	0	0	0	0	0	366	366	0	0	0	0	0	0	0	0	0	0	0	0	0	0	0	0	0	0	366	366	0	0	0	0	0	0	0	0	0
0137deng	2	1	4	2	3	7	1705	9	20	2	0	3	2	0	7	-1	92	4591	292	7	158	117	38	20	5	7204	365	24962	54	4	0	29	4	0	3	0	0	3	0	0	0	0	0	1	4	0	0	3	0	0	0	3	0	0	0	2	0	0	0	2	0	0	0	2	0	11	8	5	5	5	3	4	5	5	1	0	0	16	16	0	0	0	0	0	6	204	38	38	0	37	37	0	26	26	0	18	18	0	18	18	0	4	4	0	366	366	0	0	0	0	0	0	0	0	0
0129丶	0	2	6	1	5	15	1554	18	14	2	4	1	2	0	3	-1	12	1051	63	0	10	11	1	1	0	1753	365	1131	4	0	0	1	0	0	1	0	0	1	0	0	0	0	0	10	11	0	24	27	2	0	0	0	0	0	0	0	0	0	0	0	0	0	0	0	0	9	1	1	1	1	11	11	1	0	0	0	0	11	11	2	0	0	0	0	73	263	5	5	0	2	2	0	2	2	0	0	0	0	0	0	0	0	0	0	366	366	0	0	0	0	0	0	0	0	1
012894yy	2	1	6	2	3	6	1401	9	20	2	0	0	2	0	7	-1	157	8043	320	8	664	227	67	41	3	13528	364	21238	211	13	0	114	2	0	24	0	0	15	0	0	0	0	0	16	16	0	0	0	0	0	0	0	0	0	0	0	0	0	0	0	0	0	0	0	0	1	1	1	1	1	16	16	0	0	0	0	0	16	16	0	0	0	0	0	21	346	147	147	0	82	82	0	47	47	0	7	7	0	0	0	0	0	0	0	298	298	1	0	0	0	0	0	0	0	0
0123wy3210	2	2	4	2	3	6	2832	9	20	2	0	1	2	0	7	-1	93	4728	177	0	101	106	23	15	0	4967	364	25078	42	1	0	13	0	0	8	0	0	2	0	0	0	0	0	1	1	0	10	10	0	0	10	10	0	0	10	10	0	0	10	10	0	0	10	10	0	6	6	6	6	6	16	16	0	0	0	0	0	16	16	0	0	0	0	0	10	365	239	239	0	142	142	0	50	50	0	16	16	0	6	6	0	0	0	0	366	366	0	0	0	0	0	0	0	0	0
011101ys	4	1	6	2	1	0	1646	3	16	2	5	0	2	4	8	-1	7	94	6	0	0	19	2	0	0	90	352	688	1	0	0	0	0	0	0	0	0	0	0	0	0	0	0	16	16	0	0	0	0	0	0	0	0	0	0	0	0	0	0	0	0	0	0	0	0	0	0	0	0	0	1	1	2	2	2	2	2	16	16	0	0	0	0	0	366	366	0	0	0	0	0	0	0	0	0	0	0	0	0	0	0	0	0	0	366	366	0	0	0	0	0	0	0	0	0
1081107	2	2	4	2	3	6	3046	9	20	2	0	5	2	0	7	0	119	2031	87	3	75	105	25	12	1	3459	364	17623	9	0	0	7	0	0	6	0	0	0	0	0	0	0	0	1	14	0	12	17	2	0	4	4	0	0	4	4	0	0	4	4	0	0	4	4	0	12	1	1	1	1	11	13	4	0	0	0	0	9	9	4	0	0	0	0	237	237	14	14	0	0	0	0	0	0	0	0	0	0	0	0	0	0	0	0	9	9	1	1	1	1	1	0	0	0	0
1014123	2	2	1	2	3	7	2832	20	20	2	0	3	2	0	7	0	40	842	20	4	21	33	8	8	2	896	364	10337	2	1	0	0	0	0	0	0	0	0	0	0	0	0	0	1	6	0	4	8	2	0	4	8	2	0	3	5	2	0	3	5	2	0	3	5	2	5	5	3	3	3	16	16	0	0	0	0	0	16	16	0	0	0	0	0	366	366	0	0	0	0	0	0	0	0	0	0	0	0	0	0	0	0	0	0	366	366	0	0	0	0	0	0	0	0	0
00後幻影	4	2	6	1	5	7	1705	9	9	2	0	0	2	3	0	-1	9	361	19	2	20	10	2	2	1	498	308	100	0	0	0	0	0	0	0	0	0	0	0	0	0	0	0	16	16	0	0	0	0	0	0	0	0	0	0	0	0	0	0	0	0	0	0	0	0	0	0	0	0	0	1	1	1	1	1	1	1	16	16	0	0	0	0	0	213	216	5	5	0	0	0	0	0	0	0	0	0	0	0	0	0	0	0	0	366	366	0	0	0	0	0	0	0	0	0
00开膛手00	5	2	4	1	3	7	1340	9	20	2	0	0	1	1	7	-1	30	3671	90	8	69	36	20	19	3	4521	182	9236	15	2	0	2	0	0	0	0	0	0	0	0	0	0	0	16	16	0	0	0	0	0	0	0	0	0	0	0	0	0	0	0	0	0	0	0	0	0	0	0	0	0	1	1	1	1	1	1	1	16	16	0	0	0	0	0	1	165	63	62	0	63	62	0	41	41	0	21	21	0	19	19	0	7	7	0	366	366	0	0	0	0	0	0	0	0	0
00shu00	4	1	1	2	5	6	3197	9	20	2	0	3	2	0	7	-1	45	383	9	2	39	30	6	3	2	768	365	5814	3	0	0	3	0	0	1	0	0	0	0	0	0	0	0	1	1	0	1	1	0	0	1	1	0	0	1	1	0	0	1	1	0	0	1	1	0	1	1	1	1	1	16	16	0	0	0	0	0	16	16	0	0	0	0	0	75	161	20	20	0	20	20	0	4	4	0	0	0	0	0	0	0	0	0	0	366	366	0	0	0	0	0	0	0	0	0
00chn	2	2	4	2	5	7	3107	20	20	2	0	0	2	0	7	-1	122	2809	276	4	66	149	53	30	1	4259	365	10407	24	13	0	8	0	0	2	0	0	1	0	0	0	0	0	16	16	0	0	0	0	0	0	0	0	0	0	0	0	0	0	0	0	0	0	0	0	0	0	0	0	0	1	1	5	5	5	5	5	16	16	0	0	0	0	0	13	364	9	6	0	3	1	0	1	1	0	1	1	0	1	1	0	0	0	0	366	366	0	0	0	0	0	0	0	0	0
00bb00bb	2	1	1	2	3	7	1493	9	20	2	0	3	2	0	7	-1	109	4024	36	13	160	155	52	40	13	6658	360	32434	61	12	0	31	8	0	5	2	0	1	1	1	0	0	0	4	6	1	15	27	4	1	15	27	4	0	0	0	0	0	0	0	0	0	0	0	0	35	35	3	2	1	16	16	0	0	0	0	0	4	6	7	7	0	0	0	25	284	36	36	0	32	32	0	32	32	0	1	1	0	0	0	0	0	0	0	5	5	1	1	1	1	1	1	0	0	0
00828xd	1	2	6	2	5	14	640	12	18	2	2	3	2	0	2	-1	2	69	8	0	0	2	0	0	0	122	365	2603	0	0	0	0	0	0	0	0	0	0	0	0	0	0	0	16	16	0	0	0	0	0	0	0	0	0	0	0	0	0	0	0	0	0	0	0	0	3	3	3	3	3	1	1	1	1	1	1	1	16	16	0	0	0	0	0	215	215	1	1	0	0	0	0	0	0	0	0	0	0	0	0	0	0	0	0	366	366	0	0	0	0	0	0	0	0	0
007凤姐	1	2	4	2	3	6	1219	9	20	2	0	5	2	0	7	-1	22	103	12	0	4	19	6	2	0	164	364	11131	0	0	0	0	0	0	0	0	0	0	0	0	0	0	0	8	8	0	31	36	0	0	0	0	0	0	0	0	0	0	0	0	0	0	0	0	0	19	1	1	1	1	8	8	1	0	0	0	0	8	8	4	0	0	0	0	112	200	6	6	0	3	3	0	0	0	0	0	0	0	0	0	0	0	0	0	113	113	1	1	0	0	0	0	0	0	0
007sair	2	2	4	1	3	7	2893	9	18	2	0	4	2	0	3	-1	18	172	11	3	6	21	10	7	1	260	357	3619	0	0	0	0	0	0	0	0	0	0	0	0	0	0	0	16	16	0	0	0	0	0	0	0	0	0	0	0	0	0	0	0	0	0	0	0	0	0	0	0	0	0	1	1	1	1	1	1	1	16	16	0	0	0	0	0	174	286	2	2	0	1	1	0	0	0	0	0	0	0	0	0	0	0	0	0	366	366	0	0	0	0	0	0	0	0	0
007ljlljl007	1	1	1	1	3	8	762	20	18	2	0	3	2	3	7	-1	34	358	12	0	3	44	14	4	0	732	360	3182	0	0	0	0	0	0	0	0	0	0	0	0	0	0	0	16	16	0	0	0	0	0	0	0	0	0	0	0	0	0	0	0	0	0	0	0	0	1	1	1	1	1	1	1	3	3	3	3	3	16	16	0	0	0	0	0	62	344	28	28	0	11	11	0	5	5	0	0	0	0	0	0	0	0	0	0	366	366	0	0	0	0	0	0	0	0	0
007chunyu	2	2	5	2	3	0	1554	12	18	2	5	3	2	0	7	0	17	111	5	0	11	17	1	1	0	252	365	5398	0	0	0	0	0	0	0	0	0	0	0	0	0	0	0	1	1	0	4	4	0	0	4	4	0	0	4	4	0	0	4	4	0	0	4	4	0	1	1	1	1	1	1	1	13	13	13	13	13	16	16	0	0	0	0	0	266	364	12	12	0	0	0	0	0	0	0	0	0	0	0	0	0	0	0	0	366	366	0	0	0	0	0	0	0	0	0
007carter	2	2	4	2	3	7	2680	9	20	2	0	5	2	0	7	0	19	1149	32	5	34	25	11	9	1	1741	365	9956	3	0	0	0	0	0	0	0	0	0	0	0	0	0	0	1	15	0	6	6	0	0	3	3	0	0	2	2	0	0	2	2	0	0	2	2	0	11	2	1	1	1	16	16	0	0	0	0	0	16	16	0	0	0	0	0	65	65	1	0	1	1	0	1	1	0	1	0	0	0	0	0	0	0	0	0	366	366	0	0	0	0	0	0	0	0	0
002塔城服务店	2	1	1	2	2	7	1585	9	12	2	0	0	2	0	1	-1	105	767	22	14	37	175	62	45	7	878	365	162202	6	2	0	5	2	0	0	0	0	0	0	0	0	0	0	10	13	0	1	8	0	0	0	0	0	0	0	0	0	0	0	0	0	0	0	0	0	27	8	8	8	4	16	16	0	0	0	0	0	10	10	4	0	0	0	0	2	363	75	75	0	58	58	0	33	33	0	22	22	0	1	1	0	1	1	0	10	300	8	7	7	3	2	0	0	0	0
002古交服务店A	2	1	4	2	2	2	915	9	20	2	0	0	2	0	7	-1	50	263	14	2	4	61	16	7	2	780	362	36614	0	0	0	0	0	0	0	0	0	0	0	0	0	0	0	16	16	0	0	0	0	0	0	0	0	0	0	0	0	0	0	0	0	0	0	0	0	0	0	0	0	0	1	1	1	1	1	1	1	16	16	0	0	0	0	0	75	363	18	18	0	14	14	0	10	10	0	0	0	0	0	0	0	0	0	0	366	366	0	0	0	0	0	0	0	0	0
002xuqing002	2	2	4	2	3	6	2557	20	20	2	0	5	2	0	7	-1	69	632	59	2	22	73	18	5	1	858	365	13378	27	0	0	17	0	0	17	0	0	0	0	0	0	0	0	1	1	0	5	5	0	0	5	5	0	0	5	5	0	0	5	5	0	0	5	5	0	1	1	1	1	1	1	1	3	3	3	3	3	16	16	0	0	0	0	0	70	240	30	30	0	23	23	0	23	23	0	0	0	0	0	0	0	0	0	0	296	296	1	0	0	0	0	0	0	0	0
0023haha	0	1	4	1	3	8	1219	9	20	2	4	0	2	0	7	-1	24	14	5	0	0	20	4	2	0	0	330	4012	0	0	0	0	0	0	0	0	0	0	0	0	0	0	0	16	16	0	0	0	0	0	0	0	0	0	0	0	0	0	0	0	0	0	0	0	0	1	1	1	1	1	16	16	0	0	0	0	0	16	16	0	0	0	0	0	366	366	0	0	0	0	0	0	0	0	0	0	0	0	0	0	0	0	0	0	366	366	0	0	0	0	0	0	0	0	0
002344人	0	2	5	2	5	7	3046	20	20	2	0	5	2	0	7	0	21	187	19	0	0	24	2	1	0	138	365	7206	7	0	0	1	0	0	0	0	0	0	0	0	0	0	0	1	1	1	0	1	0	1	0	1	0	1	0	1	0	1	0	1	0	1	0	1	0	4	4	4	4	4	1	1	1	1	1	1	1	16	16	0	0	0	0	0	18	336	19	19	0	3	3	0	1	1	0	1	1	0	0	0	0	0	0	0	366	366	0	0	0	0	0	0	0	0	0
001lxn_m	2	2	4	1	3	7	2223	9	20	2	0	0	2	0	7	0	40	277	18	3	3	46	14	7	1	158	365	27536	6	0	0	5	0	0	0	0	0	0	0	0	0	0	0	1	8	0	12	13	1	0	1	1	0	0	1	1	0	0	1	1	0	0	1	1	0	6	0	0	0	0	16	16	0	0	0	0	0	16	16	0	0	0	0	0	50	362	49	48	0	21	21	0	17	17	0	0	0	0	0	0	0	0	0	0	366	366	0	0	0	0	0	0	0	0	0
001JDJZ舒城店	-1	0	2	0	-1	4	0	0	0	3	3	2	0	2	1	-1	1	297	56	5	0	5	5	5	5	234	7	0	0	0	0	0	0	0	0	0	0	0	0	0	0	0	0	16	16	0	0	0	0	0	0	0	0	0	0	0	0	0	0	0	0	0	0	0	0	0	0	0	0	0	1	1	1	1	1	1	1	16	16	0	0	0	0	0	366	366	0	0	0	0	0	0	0	0	0	0	0	0	0	0	0	0	0	0	366	366	0	0	0	0	0	0	0	0	0
1696	2	2	5	2	3	6	4141	20	20	2	0	5	2	0	7	0	56	261	11	1	3	54	10	4	1	630	363	19279	5	0	0	5	0	0	0	0	0	0	0	0	0	0	0	1	1	1	0	2	0	1	0	2	0	1	0	2	0	1	0	2	0	1	0	2	0	3	3	3	3	3	16	16	0	0	0	0	0	16	16	0	0	0	0	0	91	349	16	16	0	7	7	0	0	0	0	0	0	0	0	0	0	0	0	0	366	366	0	0	0	0	0	0	0	0	0
001221小威	1	2	6	1	3	8	1249	9	20	2	4	0	2	0	7	-1	27	289	18	1	18	35	12	4	1	406	345	6875	0	0	0	0	0	0	0	0	0	0	0	0	0	0	0	1	7	2	38	52	2	2	38	52	2	0	5	5	0	0	5	5	0	0	3	3	0	45	45	10	10	3	7	7	6	6	0	0	0	6	7	15	15	0	0	0	6	334	11	11	0	5	5	0	3	3	0	1	1	0	1	1	0	1	1	0	366	366	0	0	0	0	0	0	0	0	0
0000zgz872	4	1	3	0	4	1	884	5	5	2	2	3	3	4	1	-1	1	461	37	0	12	1	0	0	0	834	236	376	0	0	0	0	0	0	0	0	0	0	0	0	0	0	0	1	1	0	2	2	0	0	2	2	0	0	2	2	0	0	2	2	0	0	2	2	0	2	2	2	2	2	1	1	1	1	1	1	1	16	16	0	0	0	0	0	366	366	0	0	0	0	0	0	0	0	0	0	0	0	0	0	0	0	0	0	366	366	0	0	0	0	0	0	0	0	0
0-a_Z-0	0	2	4	2	3	7	1736	20	20	2	0	4	2	0	7	-1	32	1198	61	2	35	50	11	11	2	2778	341	7134	13	3	0	11	3	0	6	0	0	4	0	0	0	0	0	16	16	0	0	0	0	0	0	0	0	0	0	0	0	0	0	0	0	0	0	0	0	0	0	0	0	0	1	1	1	1	1	1	1	16	16	0	0	0	0	0	278	301	32	29	1	0	0	0	0	0	0	0	0	0	0	0	0	0	0	0	366	366	0	0	0	0	0	0	0	0	0
/LZgkT3PYX0S0ZRaTTB3glaeHcNB96sq	-1	0	2	0	-1	4	0	0	0	3	3	2	0	2	1	1	0	10	1	0	0	0	0	0	0	0	366	0	0	0	0	0	0	0	0	0	0	0	0	0	0	0	0	16	16	0	0	0	0	0	0	0	0	0	0	0	0	0	0	0	0	0	0	0	0	2	2	2	2	2	16	16	0	0	0	0	0	16	16	0	0	0	0	0	366	366	0	0	0	0	0	0	0	0	0	0	0	0	0	0	0	0	0	0	366	366	0	0	0	0	0	0	0	0	0
-阿师-	4	2	6	1	5	8	1615	9	9	2	1	3	2	0	8	0	3	252	10	0	0	4	2	0	0	471	363	1324	0	0	0	0	0	0	0	0	0	0	0	0	0	0	0	1	7	1	61	64	1	1	61	64	1	0	5	5	0	0	5	5	0	0	5	5	0	27	27	1	1	1	1	7	5	5	2	2	2	16	16	0	0	0	0	0	77	77	2	2	0	2	2	0	2	2	0	0	0	0	0	0	0	0	0	0	83	83	1	1	1	0	0	0	0	0	0
#NAME?	2	2	4	1	3	6	2832	20	20	2	0	4	2	0	7	-1	42	168	6	0	2	42	12	7	0	666	358	4486	0	0	0	0	0	0	0	0	0	0	0	0	0	0	0	16	16	0	0	0	0	0	0	0	0	0	0	0	0	0	0	0	0	0	0	0	0	0	0	0	0	0	1	1	1	1	1	1	1	16	16	0	0	0	0	0	37	241	2	2	0	1	1	0	1	1	0	0	0	0	0	0	0	0	0	0	366	366	0	0	0	0	0	0	0	0	0
#NAME?	0	2	6	1	5	13	1674	3	2	2	1	3	2	0	2	-1	2	78	10	0	0	6	6	0	0	14	354	5934	0	0	0	0	0	0	0	0	0	0	0	0	0	0	0	16	16	0	0	0	0	0	0	0	0	0	0	0	0	0	0	0	0	0	0	0	0	1	1	1	1	1	16	16	0	0	0	0	0	16	16	0	0	0	0	0	366	366	0	0	0	0	0	0	0	0	0	0	0	0	0	0	0	0	0	0	366	366	0	0	0	0	0	0	0	0	0
#NAME?	0	1	6	2	3	6	1524	9	20	2	0	0	2	0	7	0	101	5061	266	10	228	155	55	35	8	6089	361	14611	108	8	0	63	6	0	24	4	0	10	2	0	0	0	0	1	1	1	4	6	0	1	4	6	0	1	4	6	0	1	4	6	0	1	4	6	0	4	4	4	4	4	16	16	0	0	0	0	0	16	16	0	0	0	0	0	122	298	10	10	0	4	4	0	0	0	0	0	0	0	0	0	0	0	0	0	366	366	0	0	0	0	0	0	0	0	0
-玩转地球-	0	2	4	2	3	2	1401	9	20	2	0	1	2	0	7	-1	55	2519	82	5	36	77	30	10	1	3065	363	7892	47	4	0	16	1	0	3	0	0	0	0	0	0	0	0	16	16	0	0	0	0	0	0	0	0	0	0	0	0	0	0	0	0	0	0	0	0	0	0	0	0	0	1	1	1	1	1	1	1	16	16	0	0	0	0	0	1	331	62	62	0	47	47	0	36	36	0	3	3	0	1	1	0	1	1	0	366	366	0	0	0	0	0	0	0	0	0
-浅忆-	1	2	6	1	3	6	1554	12	20	2	0	3	2	3	7	0	28	523	21	1	20	24	3	1	1	1501	318	11007	6	0	0	6	0	0	1	0	0	0	0	0	0	0	0	4	4	0	2	2	0	0	2	2	0	0	0	0	0	0	0	0	0	0	0	0	0	1	1	0	0	0	1	4	8	8	1	1	1	16	16	0	0	0	0	0	118	275	17	17	0	9	9	0	0	0	0	0	0	0	0	0	0	0	0	0	366	366	0	0	0	0	0	0	0	0	0
-木-偶-	0	2	4	1	3	6	2619	9	20	2	0	0	2	0	7	-1	43	172	9	1	2	35	5	2	1	58	348	11372	0	0	0	0	0	0	0	0	0	0	0	0	0	0	0	16	16	0	0	0	0	0	0	0	0	0	0	0	0	0	0	0	0	0	0	0	0	1	1	1	1	1	16	16	0	0	0	0	0	16	16	0	0	0	0	0	309	323	4	4	0	0	0	0	0	0	0	0	0	0	0	0	0	0	0	0	225	225	1	0	0	0	0	0	0	0	0
-总有刁民冒充朕-	1	2	6	1	2	7	1371	12	12	2	0	4	2	0	5	-1	15	321	11	2	6	13	5	3	2	371	362	12693	0	0	0	0	0	0	0	0	0	0	0	0	0	0	0	1	2	0	27	31	0	0	27	31	0	0	27	31	0	0	27	31	0	0	3	4	0	9	9	9	9	2	2	2	1	1	1	1	0	1	2	6	6	6	6	2	16	292	13	12	0	11	10	0	8	8	0	1	1	0	0	0	0	0	0	0	2	2	1	1	1	1	1	1	0	0	0
-小米-	0	1	1	2	5	6	3076	9	20	2	0	3	2	0	7	-1	47	1494	82	1	20	43	8	2	1	1985	365	6280	11	1	0	8	1	0	0	0	0	0	0	0	0	0	0	16	16	0	0	0	0	0	0	0	0	0	0	0	0	0	0	0	0	0	0	0	0	6	4	2	2	2	16	16	0	0	0	0	0	16	16	0	0	0	0	0	90	341	74	74	0	24	24	0	3	3	0	0	0	0	0	0	0	0	0	0	366	366	0	0	0	0	0	0	0	0	0
-小丁丁-	4	2	6	1	5	7	1524	9	12	2	0	3	2	0	0	-1	7	873	37	2	38	9	5	5	2	992	361	2327	5	0	0	4	0	0	0	0	0	0	0	0	0	0	0	1	4	0	10	10	0	0	10	10	0	0	4	4	0	0	4	4	0	0	4	4	0	2	2	1	1	1	16	16	0	0	0	0	0	16	16	0	0	0	0	0	1	181	10	10	0	7	7	0	4	4	0	4	4	0	4	4	0	4	4	0	366	366	0	0	0	0	0	0	0	0	0
-威咕-	0	2	1	2	5	14	3135	9	9	2	2	3	2	0	8	-1	5	85	12	0	0	4	0	0	0	89	365	2845	0	0	0	0	0	0	0	0	0	0	0	0	0	0	0	1	1	0	8	8	0	0	8	8	0	0	8	8	0	0	8	8	0	0	8	8	0	2	1	1	1	1	9	9	1	0	0	0	0	16	16	0	0	0	0	0	256	279	2	2	0	0	0	0	0	0	0	0	0	0	0	0	0	0	0	0	366	366	0	0	0	0	0	0	0	0	0
-坏吖头-	1	1	4	1	3	7	1188	9	20	2	0	0	2	0	7	-1	35	353	40	1	5	26	2	2	1	212	351	7310	0	0	0	0	0	0	0	0	0	0	0	0	0	0	0	1	3	0	28	28	0	0	28	28	0	0	28	28	0	0	2	2	0	0	2	2	0	4	4	4	1	1	3	3	2	2	2	0	0	16	16	0	0	0	0	0	235	312	3	2	0	0	0	0	0	0	0	0	0	0	0	0	0	0	0	0	366	366	0	0	0	0	0	0	0	0	0
-听雨轩-	2	2	4	2	3	7	1766	9	20	2	0	3	2	0	7	-1	26	433	20	2	29	29	8	7	2	813	363	11911	2	1	0	2	1	0	2	1	0	1	1	1	0	0	0	1	2	0	8	9	0	0	8	9	0	0	8	9	0	0	8	9	0	0	5	6	0	2	2	2	2	1	16	16	0	0	0	0	0	1	1	2	2	2	2	2	24	349	46	45	0	22	22	0	18	18	0	2	2	0	0	0	0	0	0	0	366	366	0	0	0	0	0	0	0	0	0
#NAME?	1	1	4	0	4	1	2070	7	7	2	2	3	3	0	1	-1	1	638	24	0	2	1	0	0	0	1384	364	645	1	0	0	0	0	0	0	0	0	0	0	0	0	0	0	1	1	0	37	39	2	0	37	39	2	0	37	39	2	0	37	39	2	0	37	39	2	12	12	12	12	12	1	1	1	1	1	1	1	16	16	0	0	0	0	0	366	366	0	0	0	0	0	0	0	0	0	0	0	0	0	0	0	0	0	0	366	366	0	0	0	0	0	0	0	0	0
-京东购物-	2	1	4	2	3	7	3350	9	20	2	0	3	2	0	7	-1	65	389	13	1	46	64	15	10	1	714	365	28991	3	0	0	3	0	0	3	0	0	0	0	0	0	0	0	16	16	0	0	0	0	0	0	0	0	0	0	0	0	0	0	0	0	0	0	0	0	2	2	2	2	2	1	1	1	1	1	1	1	16	16	0	0	0	0	0	351	353	21	21	0	0	0	0	0	0	0	0	0	0	0	0	0	0	0	0	366	366	0	0	0	0	0	0	0	0	1
-scar-	0	2	4	1	3	8	3350	9	18	2	4	5	2	0	7	-1	19	55	8	0	4	21	8	4	0	32	359	3996	4	0	0	1	0	0	1	0	0	1	0	0	0	0	0	1	1	0	2	2	0	0	2	2	0	0	2	2	0	0	2	2	0	0	2	2	0	3	3	3	3	3	1	1	2	2	2	2	2	16	16	0	0	0	0	0	366	366	0	0	0	0	0	0	0	0	0	0	0	0	0	0	0	0	0	0	366	366	0	0	0	0	0	0	0	0	0
-l-i-	5	2	6	2	5	16	397	20	0	1	1	1	1	1	8	-1	3	182	11	0	0	4	4	0	0	0	366	604	5	0	0	2	0	0	2	0	0	0	0	0	0	0	0	1	3	0	77	92	9	0	77	92	9	0	77	92	9	0	25	37	9	0	25	35	9	25	25	25	12	10	16	16	0	0	0	0	0	2	3	5	5	5	2	0	72	75	2	2	0	2	2	0	2	2	0	0	0	0	0	0	0	0	0	0	366	366	0	0	0	0	0	0	0	0	0
#NAME?	0	2	6	1	5	7	1736	9	20	2	0	0	2	0	7	0	42	1632	25	7	31	55	24	19	5	7089	363	4576	2	4	2	1	2	2	0	0	0	0	0	0	0	0	0	1	1	0	1	1	0	0	1	1	0	0	1	1	0	0	1	1	0	0	1	1	0	6	6	6	6	6	1	1	14	14	14	14	14	16	16	0	0	0	0	0	321	321	1	1	0	0	0	0	0	0	0	0	0	0	0	0	0	0	0	0	46	46	1	1	1	0	0	0	0	0	0
#NAME?	4	2	6	1	3	7	1674	12	18	2	0	5	2	0	5	-1	12	194	13	2	6	17	3	3	1	409	285	4230	0	0	0	0	0	0	0	0	0	0	0	0	0	0	0	1	1	0	4	5	0	0	4	5	0	0	4	5	0	0	4	5	0	0	4	5	0	4	4	4	4	4	1	1	1	1	1	1	1	1	1	2	2	2	2	2	112	112	1	1	0	1	1	0	0	0	0	0	0	0	0	0	0	0	0	0	264	264	1	0	0	0	0	0	0	0	0
#NAME?	1	1	4	2	3	7	3107	12	20	2	0	3	2	0	3	-1	22	132	20	1	5	21	2	1	0	82	295	2199	0	0	0	0	0	0	0	0	0	0	0	0	0	0	0	8	8	1	0	7	1	0	0	0	0	0	0	0	0	0	0	0	0	0	0	0	0	8	1	1	1	1	8	8	1	0	0	0	0	8	8	5	0	0	0	0	366	366	0	0	0	0	0	0	0	0	0	0	0	0	0	0	0	0	0	0	8	8	1	1	1	1	1	0	0	0	0
#NAME?	4	2	4	1	3	2	1462	20	20	2	0	3	2	0	7	0	22	607	23	4	50	30	6	5	0	1713	356	16005	0	0	0	0	0	0	0	0	0	0	0	0	0	0	0	5	6	0	0	3	0	0	0	3	0	0	0	0	0	0	0	0	0	0	0	0	0	19	15	1	1	1	5	15	5	4	0	0	0	6	6	1	1	0	0	0	108	108	2	2	0	2	2	0	0	0	0	0	0	0	0	0	0	0	0	0	109	109	1	1	0	0	0	0	0	0	0
#NAME?	0	2	1	1	3	15	854	9	20	2	1	0	2	0	7	-1	48	371	28	0	4	44	3	0	0	367	363	34248	4	0	0	4	0	0	1	0	0	0	0	0	0	0	0	1	15	3	22	41	0	3	0	15	0	1	0	1	0	1	0	1	0	1	0	1	0	26	17	1	1	1	1	15	9	5	1	1	1	4	7	2	2	0	0	0	230	358	60	60	0	0	0	0	0	0	0	0	0	0	0	0	0	0	0	0	171	171	1	1	0	0	0	0	0	0	0
#NAME?	2	1	4	2	3	7	2710	12	18	2	0	3	2	0	7	-1	25	495	32	5	15	38	20	18	2	758	365	3092	0	0	0	0	0	0	0	0	0	0	0	0	0	0	0	11	11	0	23	33	0	0	0	0	0	0	0	0	0	0	0	0	0	0	0	0	0	29	2	2	2	2	1	11	24	6	6	6	6	11	11	10	0	0	0	0	7	148	13	11	0	13	11	0	11	9	0	5	4	0	1	1	0	1	1	0	10	10	1	1	1	1	1	0	0	0	0
--洛空--	2	2	6	1	3	6	1736	9	20	2	0	0	2	0	7	0	100	485	43	1	28	128	17	5	1	599	365	41313	7	1	0	1	1	1	0	1	0	0	1	0	0	0	0	1	13	0	13	17	1	0	3	4	1	0	3	4	1	0	3	4	1	0	3	4	1	10	5	4	4	4	13	13	2	0	0	0	0	13	13	4	0	0	0	0	176	365	106	104	1	1	1	0	0	0	0	0	0	0	0	0	0	0	0	0	366	366	0	0	0	0	0	0	0	0	0
--洛--	2	2	4	1	3	6	2619	9	20	2	0	3	2	0	7	-1	39	250	33	1	1	37	2	1	0	182	363	13789	2	0	0	1	0	0	0	0	0	0	0	0	0	0	0	1	1	0	2	2	0	0	2	2	0	0	2	2	0	0	2	2	0	0	2	2	0	1	1	1	1	1	16	16	0	0	0	0	0	16	16	0	0	0	0	0	8	362	41	41	0	20	20	0	5	5	0	1	1	0	1	1	0	0	0	0	220	220	1	0	0	0	0	0	0	0	0
#NAME?	2	2	4	1	3	7	3107	9	20	2	0	3	2	0	7	-1	26	251	3	2	11	23	4	4	2	819	365	6203	0	0	0	0	0	0	0	0	0	0	0	0	0	0	0	1	1	0	147	156	9	0	147	156	9	0	147	156	9	0	147	156	9	0	147	156	9	34	34	34	34	34	1	1	4	4	4	4	4	16	16	0	0	0	0	0	148	203	26	25	1	4	4	0	0	0	0	0	0	0	0	0	0	0	0	0	366	366	0	0	0	0	0	0	0	0	0
--亲亲宝贝--	0	1	4	1	3	6	1646	9	20	2	0	3	2	0	7	-1	38	142	8	0	13	33	9	5	0	383	363	14749	0	0	0	0	0	0	0	0	0	0	0	0	0	0	0	1	1	0	18	18	0	0	18	18	0	0	18	18	0	0	18	18	0	0	18	18	0	6	6	6	6	6	1	1	13	13	13	13	13	16	16	0	0	0	0	0	60	102	18	18	0	18	18	0	11	11	0	0	0	0	0	0	0	0	0	0	366	366	0	0	0	0	0	0	0	1	1
#NAME?	1	1	4	1	3	6	2557	9	12	2	0	3	2	0	7	-1	15	515	22	1	5	14	3	2	0	1233	349	7213	7	1	0	0	0	0	0	0	0	0	0	0	0	0	0	1	1	0	1	1	0	0	1	1	0	0	1	1	0	0	1	1	0	0	1	1	0	1	1	1	1	1	1	1	1	1	1	1	1	16	16	0	0	0	0	0	366	366	0	0	0	0	0	0	0	0	0	0	0	0	0	0	0	0	0	0	366	366	0	0	0	0	0	0	0	0	0
#NAME?	1	1	6	1	5	14	1340	20	20	2	5	5	2	0	7	-1	12	175	3	0	23	14	0	0	0	419	343	3753	0	0	0	0	0	0	0	0	0	0	0	0	0	0	0	16	16	0	0	0	0	0	0	0	0	0	0	0	0	0	0	0	0	0	0	0	0	0	0	0	0	0	1	1	1	1	1	1	1	16	16	0	0	0	0	0	191	309	13	13	0	0	0	0	0	0	0	0	0	0	0	0	0	0	0	0	366	366	0	0	0	0	0	0	0	0	0